h66,h141,13,13,22,23,24,25,26,27,28,29,30,31,32,33,34,35,36,37,38,39,40,41,42,43,44,45,46,47,48
h81,h134,6,6,22,23,24,25,26,27,28,29,30,31,32,33,34,35,36,37,38,39,40,41,42,43,44,45,46,47,48,49,50,51,52
h82,h144,14,14,44,49,51
h25,h144,47,47,4,5,6,9
h24,h144,46,46,8,9
h15,h144,41,41,9
h22,h144,44,44,9
h27,h144,49,49,4,6,7,8,9
h28,h144,50,50,8,9
h41,h144,59,59,2,3,4,5,6,7,8,9
h42,h144,60,60,1,2,3,4,5,9
h32,h144,54,54,3,4,5,6,7,8,9
h29,h144,51,51,3,4,5,6,7,8,9
h31,h144,53,53,3,4,5,6,7,8,9,2
h30,h144,52,52,2,3,4,5,6,7,8,9
h37,h144,55,55,3,4,5,6,7,8,9
h38,h144,56,56,3,4,5,6,7,8,9
h39,h144,57,57,3,4,5,6,7,8,9
h47,h144,65,65,1,2,3,4,5,6,7,8,9
h46,h144,64,64,3,5,7,9,4,6,8
h56,h144,70,70,3,4,5,6,7,8,9
h98,h144,15,15,42,43,44,45,46,47,48,49,50,51,52
h54,h144,68,68,1,2,3,4,5,6,7,8,9
h1,h144,1,1,180,181,182,183,184,185,186
h55,h144,69,69,3,5,7
h43,h144,61,61,1,3
h53,h144,67,67,1,2,3,4,5,6,7,8,9
h45,h144,63,63,2,3,4,5,6,7,8,9
h48,h144,66,66,1,6,8
h44,h144,62,62,2,5,9
h18,h144,50,10,28
h57,h144,71,71,2,3,4,5,6,7,8,9
h64,h144,78,78,2,3,4,5,6,7,8,9
h61,h144,75,75,3,4,5,6,7,8,9
h60,h144,74,74,3,4,5,6,7,8,9,2
h63,h144,77,77,3,4,5,6,7,8,9,2
h69,h144,79,79,7,9,3,4,5,6,8
h59,h144,73,73,3,4,5,7,9
h70,h144,80,80,1,2,3,4
h62,h144,76,76,2,3,4,5,8
h58,h144,72,72,7
h77,h144,87,87,2,3,4,5,6,7,8,9
h71,h144,81,81,2,3,4,5,6,7,8,9
h80,h144,90,90,3,4,5,6,7,8,9
h76,h144,86,86,1,2,3,4,5,6,7,8,9
h79,h144,89,89,3,4,5,6,7,8,9
h74,h144,84,84,3,4,5,6,7,8,9,2
h73,h144,83,83,2,3,4,5,6,7,8,9
h113,h144,8,8,66
h75,h144,85,85,3,4,5,6,7,8,9
h72,h144,82,82,3,5,7,8,9
h78,h144,88,88,4,5,6,7,8,9
h87,h144,93,93,1,2,3,4,5,6,7,8,9
h88,h144,94,94,2,3,4,5,6,7,8,9
h90,h144,96,96,1,2,3,4,5,6,7,8,9
h94,h144,100,100,2,3,4,5,6,7,8,9
h100,h144,30,30,51,52,53,54,55,56,57,58,59,60,61,62,63,65,66,67,68,69
h91,h144,97,97,2,3,4,5,6,7,8,9
h89,h144,95,95,2,3,4,5,6,7,8,9
h92,h144,98,98,1,2,3,4,5,6,8,9
h86,h144,92,92,2
h85,h144,91,91,1,2,3,4,5
h93,h144,99,99,1,2,3,4,9
h104,h144,106,106,4,5,6,7,8,9
h106,h144,108,108,4,5,6,7,8,9
h102,h144,104,104,2,3,4,5,6,7,8,9
h101,h144,103,103,4,5,6,7,8,9
h103,h144,105,105,4,5,6,7,8,9
h107,h144,109,109,4,5,6,7,8,9
h105,h144,107,107,2,3,4,5,6,7,8
h34,h144,11,11,32,34,38,40
h95,h144,101,101,4,5,6,7,8,9
h108,h144,110,110,5,6,7,8,9
h96,h144,102,102,9
h50,h144,12,12,60,61,64,66,68,71,74
