h66,h141,13,13,18,19,20,21,22,23,24,25,26,27,28,29,30,31,32,33,34,35,36,37,38,39,40,41,42,43,44,45,46,47,48,39,49,50,51,52
h81,h134,6,6,18,19,20,21,22,23,24,25,26,27,28,29,30,31,32,33,34,35,36,37,38,39,40,41,42,43,44,45,46,47,48,49,50,51,52,17,18,19,20,21,22,23,24,25,26,27,28,29,30,31,32,33,34,35,36,37,38,39,40,41,42,43,44,45,46,47,1346
h12,h140,9,9,18,19,20,21,22,23,24,25,26,27,28,29,30,31,32,33,34,35,36,37,38,39,41,42,43,44,45,46,47,48,154
h82,h144,14,14,36,37,38,39,40,41,42,43,44,49,51,36,37,38,39,40,41,42,43,44,45,46,47,48,49,50,51,52
h17,h130,2,2,136,137,138,139,140,141,142,143,144,145,146
h11,h144,37,37,8
h7,h144,33,33,9
h8,h144,34,34,9
h10,h144,36,36,9
h23,h144,45,45,6,7,8,9
h26,h144,48,48,3,4
h18,h144,50,10,29,30,31,32,33,34,35,36,37,38,39,40,41,42,0,1,2,3,4,5,6,7,8,9,10,11,12,13,14,15,16,17,18,19,20,21,22,23,24,25,26,27,28,29,30,31,32,33,34,35,36,37,38,39,40,41,42,43,44,45,46,47,48,49
h15,h144,41,41,3,4,5,6,7,8,9
h22,h144,44,44,3,4,5,6,7,8,9
h21,h144,43,43,7,8,9
h28,h144,50,50,3,4
h27,h144,49,49,1,2,3,4,5,6,7
h24,h144,46,46,3,4,5,6,7,8,9
h25,h144,47,47,2,3,4,5,6,7,8
h32,h144,54,54,2,3,4,5,6,7,8,9
h29,h144,51,51,2,3,4,5,6,7,8,9
h31,h144,53,53,2,3,4,5,6,7,8,9
h41,h144,59,59,2,3,4,5,6,7,8,9
h37,h144,55,55,3,4,5,6,7,8,9
h38,h144,56,56,3,4,5,6,7,8,9
h39,h144,57,57,3,4,5,6,7,8,9
h42,h144,60,60,1,2,3,4
h30,h144,52,52,2,3,4
h43,h144,61,61,2,3
h45,h144,63,63,3,4,5,6,7,8,9
h46,h144,64,64,6,7,8,9
h56,h144,70,70,6,7,8,9
h47,h144,65,65,3,4,5,6,7,8,9
h44,h144,62,62,2
h53,h144,67,67,3,4,5,6,7,8,9
h54,h144,68,68,3,4,5,6,7,8,9
h48,h144,66,66,2
h60,h144,74,74,2,3,4,5,6,7,8,9
h63,h144,77,77,2,3,4,5,6,7,8,9
h57,h144,71,71,2,3,4,5,6,7,8,9
h64,h144,78,78,2,3,4,5,6,7,8,9
h59,h144,73,73,3,4,5,6,7,8,9
h70,h144,80,80,1,2,3,4
h69,h144,79,79,3,4,5,6,7,8,9
h61,h144,75,75,3,4,5,6,7,8,9
h62,h144,76,76,2,3,4
h73,h144,83,83,2,3,4,5,6,7,8,9
h79,h144,89,89,4,5,6,7,8,9
h74,h144,84,84,4,5,6,7,8,9
h77,h144,87,87,4,5,6,7,8,9
h71,h144,81,81,4,5,6,7,8,9
h75,h144,85,85,5,6,7,8,9
h80,h144,90,90,5,6,7,8,9
h76,h144,86,86,2,3,4,5,6,7,8,9
h90,h144,96,96,2,3,4,5,6,7,8,9
h94,h144,100,100,4,5,6,7,8,9
h91,h144,97,97,4,5,6,7,8,9
h89,h144,95,95,4,5,6,7,8,9
h87,h144,93,93,4,5,6,7,8,9
h93,h144,99,99,2,3,4
h88,h144,94,94,5,6,7,8,9
h92,h144,98,98,2,3,4,5,6,7,8,9
h85,h144,91,91,3,4
h103,h144,105,105,3,4,5,6,7,8,9
h107,h144,109,109,3,4,5,6,7,8,9
h108,h144,110,110,4,5,6,7,8,9
h95,h144,101,101,4,5,6,7,8,9
h104,h144,106,106,4,5,6,7,8,9
h106,h144,108,108,4,5,6,7,8,9
h102,h144,104,104,2,3,4
h101,h144,103,103,4,5,6,7,8,9
h105,h144,107,107,2,3,4
h1,h144,1,1,162,163,164,165,166,167,168
h113,h144,8,8,0,1,2,3,4,5,6,7,8,9,10,11,12,13,14,15,16,17,18,19,20,21,22,23,24,25,26,27,28,29,30,31,32,33,34,35,36,37,38,39,40,41,42,43,44,45,46,47,48,49,24
h98,h144,15,15,0,1,2,3,4,5,6,7,8,9,10,11,12,13,14,15,16,17,18,19,20,21,22,23,24,25,26,27,28,29,30,31,32,33,34,35,36,37,38,39,40,41,42,43,44,45,46,47,48,49
h100,h144,30,30,0,1,2,3,4,5,6,7,8,9,10,11,12,13,14,15,16,17,18,19,20,21,22,23,24,25,26,27,28,29,30,31,32,33,34,35,36,37,38,39,40,41,42,43,44,45,46,47,48,49
h50,h144,12,12,0,1,2,3,4,5,6,7,8,9,10,11,12,13,14,15,16,17,18,19,20,21,22,23,24,25,26,27,28,29,30,31,32,33,34,35,36,37,38,39,40,41,42,43,44,45,46,47,48,49
h49,h144,30,30,0,1,2,3,4,5,6,7,8,9,10,11,12,13,14,15,16,17,18,19,20,21,22,23,24,25,26,27,28,29,30,31,32,33,34,35,36,37,38,39,40,41,42,43,44,45,46,47,48,49
h34,h144,11,11,0,1,2,3,4,5,6,7,8,9,10,11,12,13,14,15,16,17,18,19,20,21,22,23,24,25,26,27,28,29,30,31,32,33,34,35,36,37,38,39,40,41,42,43,44,45,46,47,48,49,260
